-4.157591841698187182e+20
-6.708258370761100493e+19
-9.352485507418241434e+19
-4.117173352900331438e+20
-6.035644071123788759e+20
6.184269103121095721e+20
-6.176902407948633375e+20
-5.679279610347398758e+20
-5.030712747163118469e+20
-5.067199921962912973e+20
4.684787243750739804e+20
-6.271884150717255516e+20
4.800350218807158374e+20
5.142906729959511163e+20
-5.732694550910958961e+20
-4.751865707409816781e+19
-2.036299839211749704e+20
6.413609358147859251e+20
4.663884708552563753e+20
1.727830004564508672e+20
6.473693994461678797e+20
6.145841917924734403e+20
-6.084390955162744914e+20
6.217216804795867464e+20
-3.421568912158070538e+20
1.650186650220110152e+20
6.200106444766401004e+20
5.979008215421034168e+20
-1.714468252469310259e+20
1.685357751613729341e+20
-3.828027102412678758e+20
-4.348089345015109386e+20
-6.464548792382256579e+20
2.140604022749814784e+20
6.404483704556120965e+20
4.912751200623192965e+20
5.794457267487255429e+20
3.799897928394478715e+20
-6.444597226101288468e+20
4.280832859404007506e+20
4.833926260648538931e+20
6.195745055913704161e+20
7.210027195637451162e+19
4.977830460812303401e+20
-5.675589906877420339e+19
-4.178358643978734797e+20
-4.491550316998219530e+20
-6.417671335822111539e+20
4.601875175289753436e+20
-4.413590998622874829e+19
6.318973568559642051e+20
4.850474712286742446e+20
2.112489758474233774e+20
-6.400245525917144187e+20
-6.214633571113394504e+20
-2.986754468351453594e+19
5.806793592117832581e+20
-6.437574246516436500e+20
6.174929416940105236e+20
-7.147726772730015744e+19
-3.736154931672190157e+20
-6.097745553627208745e+20
-5.336908530699759124e+20
-4.796844308178255872e+20
7.021925133896785101e+19
-3.301890605195712922e+20
-5.833534684001087652e+20
-3.395894446956756992e+20
5.806412491416856166e+20
1.402011561242363658e+20
-8.079331438803193037e+19
-2.376496304532117914e+19
-6.461756066112564101e+20
-5.851511894945500365e+20
6.285957670764656722e+20
9.153509559328715776e+18
5.253532033731467674e+20
2.718017497010556436e+20
-2.789308382667344896e+18
3.893547462107215954e+20
6.271108283206332580e+20
-3.555978251817610772e+20
6.158795749801720545e+20
5.327208301528001413e+20
-4.769648857952789463e+20
4.367149420855098737e+20
-5.345126937038697267e+20
4.476116282251632312e+20
-6.134694479435522376e+20
5.965792929076763689e+20
-2.045310085922157691e+20
-5.401284604064536330e+20
-5.019983448369433805e+20
-1.729355776049872241e+20
5.275367823431545651e+20
5.915837661302415688e+20
4.850530347836276081e+20
6.202689414819573924e+20
-1.047988210770772623e+20
4.357791977273012388e+20
6.304534599110418760e+20
-5.735535351682153185e+20
-4.752092383734573302e+20
-4.413576844409482117e+20
-5.033133216865215447e+20
-4.848101165126742180e+20
1.701436033703047660e+20
3.941554201386207805e+20
-6.359463856032908575e+20
-4.843792906498039480e+20
2.177255959876372726e+20
3.354243353593253888e+19
2.797917243270330450e+20
6.358057591435384586e+20
-5.493536030172596142e+20
-5.926035331475123732e+20
-2.683500247170967470e+20
5.928116261508193976e+20
2.044103310588586230e+20
6.448529873078116680e+20
-3.167350222889361080e+20
-2.257796025947737293e+19
-2.543550082878540349e+20
5.821559843881071411e+20
6.445851744138950083e+20
-3.755760941414639206e+20
6.404512964474656522e+20
4.592603176515907748e+20
5.554085799157947433e+20
-6.449310765950143037e+20
3.972677225697348157e+20
2.931245013947120681e+20
6.074837526633633546e+20
-6.009141737367405855e+20
-3.473519187527212728e+20
-6.043395794063196160e+20
6.439608665335653990e+20
-6.326317140163562045e+20
4.632958471284221542e+20
1.242444271697263002e+20
6.300741366788938793e+20
-5.538239047055559229e+20
-5.650582205484771574e+20
6.013248092673174405e+20
-1.566555649060050698e+20
-1.605763003634259067e+20
-2.335956364457722184e+20
-2.033513522761841705e+20
4.005153818121097708e+20
-5.227901294555199570e+20
-3.778952366486973972e+20
5.074638350573533266e+20
-5.978672821128909292e+20
5.923690389482333798e+20
-4.436177391998441882e+20
3.274473760334240154e+20
3.894618339497860137e+20
-5.212557576397754368e+19
-3.523611128212078592e+20
1.565054033070409646e+20
-5.477596071190080389e+20
-6.070778902543794176e+20
1.008788549953720525e+19
5.989735577968301834e+20
2.181114590482258330e+20
-4.270532008112954409e+20
6.409897139153384243e+20
3.544544542610560778e+20
-6.181494448759029105e+20
4.831316044048848650e+20
-5.690642529257261629e+20
6.378061377473261076e+20
2.674353420725110702e+20
1.754875908199739556e+20
5.055449588235050680e+20
-4.588255710882883830e+20
-7.082413580378338099e+19
1.719244354579020186e+20
5.136487592434479923e+20
-5.728536123026620416e+20
3.843477166219587092e+20
-6.200088728334634844e+20
-6.189385823773424353e+20
-6.242540735622523126e+20
-1.385780680068412621e+19
5.132022936494657372e+20
1.405082617994867343e+20
6.177851627820550717e+20
-6.200915708433661952e+20
5.212713224166852526e+20
2.250498637091581542e+19
-1.187663840831653642e+20
5.090821889832287601e+20
2.050956668045118259e+19
1.082912327397906514e+20
1.820819417943488922e+20
-3.322458243496589394e+20
4.782305839100170732e+20
5.500180610326028616e+20
-5.122742368747467571e+20
3.693674082342499123e+20
4.284123780147251118e+20
1.515464946011842806e+20
1.553909224877278822e+20
-1.746741492503389471e+20
2.793896387543042294e+20
2.903747145950217503e+20
-5.375177952387318415e+20
5.473275180102895534e+20
9.633024840156618752e+19
-4.958797909468347105e+20
6.452632161527879434e+20
6.350102506378209526e+20
4.886198674499122627e+20
6.007603546913956168e+20
5.179007625523261604e+20
6.469883032279943741e+20
-2.177374457599830917e+20
2.789342475948238766e+20
2.048805569278448435e+20
-5.687851953110584525e+20
6.361666123382500884e+20
4.877576010690139259e+20
-2.601196746274567619e+20
4.373806042989362545e+20
2.864521263503463547e+20
-5.177703482846781112e+20
-5.448142649213352018e+20
3.029289002942293606e+20
-5.319274067148184617e+20
-2.568522649164800655e+20
4.182691584527674900e+20
5.107283838634877256e+20
-1.634640215377516298e+20
5.177489191607662019e+20
-1.146727073781864202e+20
6.373878049052186378e+20
2.268528297173961277e+20
1.356327291574998794e+20
-5.979656097378285650e+20
-4.395528966675915735e+20
6.344897394942468424e+20
1.606802062975588762e+20
5.602579820601426739e+19
2.806225443222850765e+20
-5.166399802104391270e+19
-6.466712319189986836e+20
5.578983498723828040e+20
-1.473746010686796595e+20
-6.411963673603377725e+20
6.193897866292599194e+20
6.477873767743704269e+20
-1.528778121142252012e+20
-5.976229182624012698e+20
-1.217389978926897725e+20
-6.424881771881581773e+20
3.981819071436006359e+20
-6.482523016292428677e+20
-6.105422705593293210e+20
2.427711168363947622e+20
6.244783245936485990e+20
-4.707145804807267287e+20
-8.730295686985612288e+18
-1.843095486278555730e+20
-6.465297244285547315e+20
5.043308461439493079e+20
-6.392276751656753562e+20
-3.617949430530249851e+20
-4.498586344579691315e+19
4.497459965244085043e+19
4.402982646537768796e+20
-5.848994703984644588e+20
-2.226233660128480870e+19
-4.714383815956422328e+20
-5.600038635623666156e+20
-1.839698498723500524e+20
4.318272399065702072e+20
1.633202167684807066e+20
5.126499564562458870e+20
5.853426385318164562e+20
-2.454725802332267807e+20
1.652241566218643374e+20
6.497113419030627615e+20
5.498063561206297395e+20
-6.471057737079704781e+20
3.520321300201580544e+18
5.774977128396587663e+20
3.557785938776256676e+20
-6.422123099248415212e+20
1.435600077179570995e+19
-4.019834992482655928e+20
2.489745211822017085e+20
-2.312130722859028480e+17
1.204010541076604355e+20
6.031088490297128387e+20
-5.556048278010312786e+20
1.465392708671845376e+19
-1.508226835134218895e+20
1.038208552170374758e+20
-3.082121119674331300e+20
-5.906420616044828426e+20
-5.589560553323299471e+20
2.541849055525470863e+20
-6.141097443482132808e+20
-1.958094176250871153e+20
4.964515526239088148e+20
-5.152729201904848077e+20
4.265142538832121037e+20
6.046781777541321196e+20
4.277240456507766866e+20
3.364934161035287593e+20
6.502305868013890437e+20
-5.897195268603387576e+20
6.467220710365007708e+20
6.286004579994570588e+20
4.202240002243986719e+20
6.338655404555867259e+20
6.280036848852510966e+20
5.227811925750011003e+20
-6.490761059282208686e+20
-4.606032274710663660e+20
4.576651933913414369e+20
-5.839854882441504358e+20
5.794858187182195999e+20
8.443146535931066778e+19
-2.639901159362117960e+20
1.010600354061914112e+20
5.083719743365354619e+20
5.750657846465192264e+20
5.511261182506838917e+20
-4.246477666477324370e+20
1.357862525772605686e+20
3.528658868528710451e+19
-6.199368070420824064e+20
-1.980318536307483279e+20
-3.861905793124989010e+20
5.899592281033469460e+20
6.299825778324019610e+20
-3.901241390950542213e+20
2.308588171118754857e+20
6.549974503969070776e+20
-5.816813483434356244e+20
-3.500606271119287910e+20
5.816766019573833400e+20
-5.498115578893179945e+20
5.700101661681613537e+20
-1.947169199312510976e+20
5.780115617598239539e+20
1.524821589174291661e+20
-3.938924263434805576e+20
6.496099452859192443e+20
1.261547216747330765e+19
-2.659760267276374508e+20
3.715675737008134554e+20
6.433058260762111508e+20
6.420627664356388372e+20
2.491402142528520602e+19
5.203646995583019254e+20
-6.466739610549397750e+20
-4.517642799878756106e+20
-6.405229652034353889e+20
-2.664845525421867008e+20
-4.977837299967496684e+20
-6.096453318292187382e+20
-5.976387444123770552e+20
2.269516419542320742e+20
-5.941488851922970214e+20
6.509131260783489188e+20
-4.197897028949037875e+19
5.934504244275405128e+20
5.730276170795177083e+20
-8.182577794704084173e+19
-7.168900475864668570e+19
-6.486450256326051758e+20
6.420813167366682706e+20
6.251593584270108262e+20
4.936238272427014881e+20
-4.875433384489730048e+20
3.697956233534188749e+19
6.316841155062021489e+20
-6.475238008217492521e+20
-4.764461488302243185e+20
3.786578359797839954e+20
1.851052156489901998e+20
1.866334439400930345e+20
4.257763178647412408e+20
-5.512702514640137748e+20
5.076179850439455539e+20
1.152559105773984317e+20
5.236920664710241976e+20
4.494848606718889820e+20
1.036192678039487447e+20
-6.517214887765952430e+20
3.934079103836167209e+20
-5.911316766514180915e+19
-4.909416092353873183e+20
-1.820813102737756324e+20
-6.235811695543716413e+20
-1.538558240421438423e+20
5.110227278989363118e+20
6.496631070207263375e+20
-6.447600686485932605e+20
-4.097433877644953518e+20
-4.972061907257591726e+20
6.531903612582382797e+20
-5.918729280183087923e+20
2.515127642053645435e+20
-4.482047417212022292e+20
-1.304232973454971904e+19
-4.690752406134582477e+19
5.142934139637266514e+20
-6.542948211865864110e+20
5.370375557504139264e+20
6.341497522352603791e+20
-6.187082223749790433e+20
6.481678360241421681e+20
-4.046693936930771436e+20
6.337095456300983910e+20
-6.335961803643636941e+20
-1.982765537607605289e+20
6.331690060626244403e+20
-4.251373499203899884e+20
-6.492007095628593889e+20
3.976286600090168197e+20
-2.205171483661698990e+20
6.423543601953846067e+20
2.148037062342310953e+20
4.352936907280477061e+20
-3.026570995562163077e+20
6.535879404464498278e+20
5.962643168594797527e+20
6.446997111277019464e+20
2.307024475816361001e+20
5.039160901013846753e+20
5.803338843306278257e+20
6.356329738111297782e+20
-3.562648738272266158e+20
4.319292904391724892e+20
-5.613451290018837299e+20
2.514226420724474839e+20
5.837570427171052585e+20
5.174407608933939282e+20
4.954303956400941302e+20
5.979350910966126346e+20
-8.919283492669979034e+19
6.440951645445180621e+20
9.643779905811138150e+19
6.530707909466862387e+20
2.342419365945420677e+20
1.957222357226639196e+20
3.476595066089332408e+20
-8.286996469953016627e+19
-4.335134455082563011e+20
-2.603719870236751299e+20
-5.916579735694916977e+20
-3.554869396068282532e+20
1.639319979478376448e+20
1.427861299011053814e+20
-3.360908263011673047e+20
4.497516087204379361e+20
-3.336273238641077125e+20
5.270514597325013647e+20
-1.114127415225779323e+20
5.084463628575722045e+20
-1.531318899469545308e+20
-5.755050917152964608e+20
5.325838741993545400e+20
2.787269245662885069e+19
6.128606290872295752e+20
5.427118056003945103e+20
-2.318856793191152353e+20
-4.665991670835069583e+20
-2.688180769182553539e+20
-6.523462926838300672e+20
4.612878526617760563e+20
-6.475553583421297787e+20
2.644068767801158205e+20
4.266519013829882020e+20
2.996957428995764388e+20
4.546432104716911247e+20
4.130361388266287923e+20
3.509333506014560256e+20
3.248507897439677972e+20
-7.321111655234318336e+18
-6.589377780439659315e+20
-5.831831327307990303e+20
-5.654687833533036626e+20
-4.538597602161863557e+20
2.315035189897921167e+20
-6.016187381290857923e+20
4.196312929903706112e+20
5.278773198563410575e+20
-6.706393319006104781e+19
-1.117247984209187308e+20
3.039492367649028178e+20
4.834860171656577024e+19
1.940842019224358748e+20
1.014285081416678932e+20
5.014893582820305142e+20
-5.849677893598984929e+20
5.256062481693265101e+20
1.271230814703039775e+20
6.477204535300759224e+20
-7.519454598380054118e+19
7.640498147623016858e+19
-4.062704416230047744e+20
3.648462000068478894e+20
-6.577664772590909522e+20
-3.141320930446998897e+20
-6.524619488226995077e+20
-1.527221953677076070e+20
5.926554789655798088e+20
2.753338924699235123e+20
1.390188811991035085e+19
5.766643571579040563e+20
2.200479545475962634e+20
1.353444357188130734e+20
5.913892217675222876e+20
5.560467303358337516e+20
4.835585506851156132e+20
1.523715031629723730e+20
2.174922781337373573e+20
-6.366685106727571948e+20
6.007255975516573532e+20
6.524424734698766336e+20
-5.832118244096422707e+20
2.397659178123537285e+20
6.636635035902712218e+20
3.810356263674021151e+20
2.924076145910364897e+20
-5.726995581066912727e+20
1.856181017840526623e+20
-5.710956943120292905e+20
-5.703041829205025096e+20
-6.600962288478846976e+20
6.084847115693087785e+20
1.038280453894175293e+20
-4.629395078932284047e+20
4.318806085060871455e+20
5.295302961635980739e+20
-2.815542310881823539e+19
-3.134806206796077466e+20
6.539132624078801469e+20
1.996027341152900219e+20
3.319204475332311777e+20
1.284079274229155103e+20
3.336523187151766815e+20
4.603692467508343603e+20
-1.244408596150391931e+20
-5.089259380906702930e+20
-6.277901469705228780e+20
3.155488612380156887e+20
-4.520339685829367562e+20
3.899343932589290291e+20
-2.881389189163340595e+19
-4.939229199522845164e+20
5.488209750497356677e+20
2.340861820160000410e+19
6.416477208675410248e+20
-6.399225881698748334e+20
6.193846659762284134e+20
5.115213005828138598e+20
-4.205523138092298404e+20
1.219355437781326070e+20
6.460346967334451937e+20
3.555475839666634097e+20
-6.651061645374597366e+20
-5.949439705946027459e+20
6.541158823123909345e+20
6.310116938638482473e+20
-6.656987127605137244e+20
-5.633777331083128340e+20
6.543526006414611579e+20
-2.784874484825548718e+20
-2.972684342337237156e+20
6.606169091619052585e+20
-6.012400946949555814e+19
5.391432062526141235e+20
1.706709042934258074e+20
4.302006012881522524e+20
-4.884789833913885000e+20
-1.173973151344325591e+20
-5.655091350569045852e+20
1.385448341166173880e+20
-6.614201382711444111e+20
-6.610803384544501432e+20
6.538370668032872940e+20
-5.069815874754959770e+20
6.366197745467922842e+20
-6.553569399795352863e+20
-4.344092198948864000e+20
6.545065197899073454e+20
-6.499364690879133778e+20
-6.405649474711783997e+20
2.691361967699531776e+19
3.394633940801857782e+20
5.193475699722858004e+20
5.659913881424567337e+20
-6.465201921322643620e+20
-3.750059885578537533e+20
-1.230284127765644493e+19
-3.584841183142249759e+20
5.990906223112680899e+20
2.108764981723994849e+20
6.336314266097568973e+20
4.436544909375642829e+19
6.115352009835741184e+20
-5.795674890428996649e+20
1.668684415111758479e+20
8.628957316334082048e+18
5.014911365776624845e+20
5.479881802351686451e+20
8.481948446805116518e+19
-6.269933164993209958e+20
6.040132478680099717e+20
6.600833271740079800e+20
-5.986128834788867441e+20
-5.458757412098620129e+20
4.597112545354326344e+20
-6.625200466435161457e+20
-1.407598426178706309e+20
-5.766546170245602345e+20
-2.084665332159185879e+20
-4.391836483906124513e+20
-5.906065534012460892e+20
-6.424323075453028925e+20
-6.692369119093707244e+20
4.584737994266115441e+20
1.605075666068451820e+20
-6.045973205601946173e+20
3.060775014927723397e+20
2.204968424284459827e+20
6.672489563285609513e+20
-5.513719626953282028e+20
6.664362324231830897e+20
3.603773121265531617e+20
-3.220850533192217395e+20
-2.313695501715680461e+20
1.516536612291436872e+20
6.190704790349732905e+20
-6.081685043041100104e+20
1.844959859630428652e+20
3.898997611043654861e+20
-3.642357571952854303e+20
1.755721711267649946e+19
-1.146786632570412564e+20
6.610321233519893545e+20
-5.961265540068991304e+20
-4.962141978324170834e+20
6.645669119384353505e+20
6.579678832080356639e+20
-2.847459342017367245e+19
5.134070853527958979e+20
-6.323516571718061916e+20
4.865386896763914158e+20
-6.666678857932121047e+20
-1.823614168269126042e+20
6.198940644065534280e+20
-5.273793543175578583e+20
5.217178418047578276e+20
6.275314761113900155e+20
-5.430074198836665385e+20
-4.127793468140208128e+20
6.682347377824395428e+20
-5.800654030187674993e+20
-5.774372579656049623e+20
4.700330999417575178e+20
-6.421073180845728072e+20
3.882407974542224916e+20
3.880960609944250614e+20
-5.211297414949929615e+20
-4.220354596594393416e+20
-4.806241244848671949e+20
-2.630625339689031434e+20
-6.683956064246746317e+20
6.670438164051280527e+20
4.227871165827073311e+20
-1.262715655353018941e+20
2.443858544469283635e+20
1.262046557995770348e+20
-8.206030277180763341e+19
4.233326275768996987e+20
-6.398145165307547484e+20
-6.349999525087927337e+20
6.697153891008350781e+20
-2.515345016332473139e+20
-4.354731734109127967e+20
5.502996990154879795e+20
-5.613550574475804672e+20
-6.620453801176731484e+20
-4.998807690989575864e+20
-3.737688544719872983e+20
7.057238405074644173e+19
5.250618263197291315e+19
4.148744644788010189e+19
3.438031196951838720e+20
6.654658586572071895e+20
6.469948261361963500e+20
-4.888444602938122568e+20
-5.620990943454472438e+20
6.591355410278180454e+20
-5.060848017659542241e+20
-3.593840327651540992e+20
6.713179347577396265e+20
-5.856715866032753869e+20
-5.318219019630678508e+20
5.103780754442827858e+20
1.665540550932756234e+20
-3.734643217357986202e+20
-4.902247378494628823e+20
-1.335239480328973353e+20
-3.537149175289605652e+20
-1.299947932825307546e+20
9.231366738939954790e+19
3.646760964804739727e+20
7.357509030821003264e+18
-6.109017674235057275e+20
-6.700009608850825544e+20
2.587740949811704218e+19
-1.767724582050017444e+20
4.170277050457921290e+20
1.111316510937585582e+20
-3.693244630486425272e+20
-6.740494084186586481e+20
6.641514311978397204e+20
-3.357751563555388785e+20
-4.749143924622076805e+20
-4.477848377595812250e+20
-1.146373386116429414e+20
4.701277939137810268e+20
-1.059337190364438200e+20
6.624708089687406019e+20
-3.060070009974022472e+20
6.303548790094358118e+20
-2.156616887303696220e+20
-5.336021636993778483e+19
2.130881997802058547e+20
-3.694090843442183537e+20
-7.955133716073512960e+19
-4.462289853837692764e+20
-1.055902145747995197e+20
6.626454896114706678e+20
6.519354258653457940e+20
-2.961409660237205996e+20
4.162363978255890514e+20
4.194873786862859715e+20
-6.675895219777458668e+20
-5.046139834560563118e+20
6.186522185979388232e+20
-4.738569442680819548e+20
-6.743004154720010895e+20
5.310758117349933711e+20
-6.005946369747579044e+20
5.732222698094490419e+19
5.554718840882587238e+20
-6.737882786923468554e+20
3.886214998555681096e+20
-2.459629712327138345e+20
-6.480158049131334205e+20
-3.027485091321653494e+20
5.307789818163126600e+20
-5.886131674631512392e+20
4.315679328581433426e+20
6.237892021319105249e+20
6.722381206086710723e+20
-3.727720000597762048e+19
6.627007249990824755e+20
-5.499186437187323167e+20
9.953232058974091674e+19
-2.970812181188744970e+20
4.623762345501758587e+20
-6.752661499606536028e+20
6.610974164477238313e+20
1.452004280313623839e+20
2.522886507780619878e+19
2.517979389930270556e+20
5.685251459613829366e+20
1.447326224315701821e+20
5.034508231402732913e+20
2.027424022529803059e+19
4.592676527048594555e+20
4.166402181041617633e+20
-6.607927638053683200e+20
-6.757155599329154826e+20
1.287776621975218258e+20
-3.423836043651197829e+20
2.215989374580262175e+20
-5.334609776612740301e+20
5.775778728539472527e+20
5.930324647614378148e+20
3.341301610372920525e+19
5.405932631478512517e+20
4.381859861271037870e+20
8.655660219698292326e+19
-1.380385858407658291e+20
3.383133477627725087e+20
2.068191514704682680e+20
-5.779413095500703334e+20
-3.722228118819403858e+20
-4.481213852487699661e+20
-6.447698288445632020e+20
-4.373638507795443876e+20
-3.930792994630558679e+20
3.831398640119010099e+19
-4.067835474747692810e+20
6.758863189348496179e+20
6.673715688240236462e+20
-8.780959428625073766e+19
-4.131398387666679235e+20
5.867630122420817756e+20
-5.851477488730191954e+20
-1.106148380570036306e+20
5.785008621509148017e+20
-2.280930294116322509e+20
-1.210354206161244652e+20
2.192919229524200653e+20
6.773963020537517834e+20
3.069682885277722214e+20
5.465957371990120202e+20
6.704152397834438574e+20
3.456094001266575278e+20
-6.348120743678434345e+20
2.995387532009117450e+20
-5.595910609946925466e+20
-6.767740609180343992e+20
5.463303205568899973e+20
-5.635061963118383596e+20
1.118605393843440845e+20
6.348493228847872082e+20
6.741766703737982157e+20
6.625349219017388196e+20
-6.712662186813903340e+20
5.348661891239042744e+20
-6.573374379469400965e+20
-5.121942062393479660e+20
-4.341571785923283517e+20
-1.147035356348901622e+20
3.044548003075086090e+20
5.480927327456007291e+20
5.327235334992569303e+20
-6.691403907862773105e+20
-6.350936030043175649e+20
-1.187708741803127112e+20
6.081212280834414346e+20
5.712431453069838254e+20
5.773656951675430502e+20
-5.813348632462893056e+19
2.857519516276075725e+20
4.954469421606002360e+20
6.072938509012825539e+20
-4.285732255712304824e+20
6.056560058507818435e+20
6.729465316848760259e+20
6.789415133673965486e+20
-3.091322565887587123e+20
-5.368587487696211804e+20
-1.379806659429566382e+20
-3.622399088239980052e+20
4.544116618426243482e+20
-1.178747832097696481e+20
6.410085308488557527e+20
2.847412737494898115e+20
-6.755547266349664829e+20
5.061166024230014812e+20
6.316465380260410819e+20
-2.563805602000586342e+20
6.846364884391999570e+20
-3.797410169870390395e+20
-4.683379095598163558e+20
3.720602347690754867e+19
5.473817368285718774e+20
-5.850798608521277604e+20
-3.365761745670519521e+20
-6.770825353665544192e+20
6.352964900988043919e+20
-4.642374032731957494e+20
-6.572453721011031900e+20
3.592818222180767498e+20
-4.667329989117355622e+20
-6.608067642973133210e+20
4.733900806577201480e+20
-4.982690342942604001e+20
6.634736278779846984e+20
1.687114359011313910e+20
6.560304731715689513e+20
4.272492832746342973e+20
-5.053206593157379523e+20
6.146994386345953853e+20
5.411542456129084457e+20
-6.869648333706195108e+20
-6.705213484602928660e+20
-4.637823199501258588e+20
6.850829896486769132e+20
-6.865146385985107395e+20
6.523464145210159923e+20
1.187142664202166108e+20
-2.439747765973951775e+20
6.370580194340329226e+20
3.658685324561059676e+20
4.847370514839230874e+20
6.860769886770309366e+20
-6.027622127387869184e+20
2.654007003943748239e+20
-1.413557707031740006e+19
3.717640646910043750e+20
-4.846580052873876603e+20
-6.875627856642329805e+20
-4.373953938879493734e+19
6.588276912925018685e+20
6.558722153666974843e+20
4.286773870693840323e+20
-3.386309219227603436e+20
2.869908363074556396e+20
-3.656583707625082061e+20
6.802977196065744486e+20
-6.875063763753200517e+20
5.738322585365779251e+19
-2.029043677582985134e+20
6.500159603132518892e+20
-6.985927593596930458e+19
4.621799507145870541e+19
-5.907673340541628580e+20
-5.510489630788675830e+20
3.620043788599101358e+20
-1.341613512679153172e+20
-4.116012576368293315e+20
-8.529982451366196224e+18
5.669474024753440358e+20
-4.686259211558521242e+19
2.819748285440523960e+20
-9.420475830242033664e+19
-3.738053001030617661e+20
-6.624809270450318213e+20
4.558155804654215496e+20
1.962062893992978350e+20
-6.838953384227142369e+20
6.059280980232575386e+20
6.791121265822560420e+20
4.215693463492417946e+20
-6.574591095276336579e+20
2.213055700462268908e+20
5.933046030756083139e+20
4.726821515469704397e+20
-6.775811134278197576e+20
2.570264516725338276e+20
-3.755162610659955835e+20
1.208894361361460920e+20
6.525765702246027756e+20
-4.728352285494573793e+20
6.762841920568649318e+20
-2.194630012259074048e+19
2.044835610564819681e+20
6.532755687723351409e+20
1.486948550955010294e+20
-1.233413005500172083e+19
5.482237686284880445e+20
5.411869038675274629e+20
5.517606413949288448e+20
-6.632631658488382095e+20
-4.206581372446513562e+20
-6.880217766449131028e+20
-6.751732074491512095e+20
-3.658473905388248105e+20
-6.898209661657863946e+20
1.079009775830684467e+19
-2.643999619241308979e+20
-4.801218315790830141e+20
-1.450132107620483727e+20
3.918418752247800791e+20
-7.663961331111972045e+19
5.297815591521269842e+20
-6.551771942299765309e+20
-5.762142552569205228e+20
4.574835722035705283e+20
6.525898177356925501e+20
-6.530476049982657659e+20
5.600250933449953116e+20
-6.913309630749681910e+20
-5.458704374682326794e+20
