-4.928893345465648415e+20
-6.413742780931237478e+20
-6.384960560577061847e+20
-4.972939066918597427e+20
2.215005026207003443e+20
-1.840850971469429146e+20
1.894618180142129480e+20
3.088075169833383363e+20
-4.048276257917109535e+20
-3.967448068735198822e+20
-4.418612496480997212e+20
-1.525888070617397330e+20
4.293246680357375836e+20
3.858064541219014574e+20
-3.019100256616896922e+20
6.424838559084496814e+20
6.091903722737373020e+20
-3.870682854502948045e+19
-4.486303603905836483e+20
-6.222305166949760369e+20
3.474185712886262579e+19
-1.994207152372568556e+20
2.148036623497906422e+20
-1.698653453749763441e+20
-5.457656879069923246e+20
6.225306589687333519e+20
-1.821592900817943593e+20
-2.412719695965232497e+20
6.224798487182494925e+20
-6.247392380221008118e+20
5.205990949534399201e+20
4.766844161806935654e+20
1.808389677530902118e+19
-6.094342373926126223e+20
-6.021696422619422720e+19
-4.151534367355003208e+20
-2.865204102739206799e+20
5.228431942105099796e+20
-4.490903316923031552e+18
-4.817910128727072440e+20
-4.282036198285089833e+20
-1.747228051209144566e+20
-6.424563771235458089e+20
4.103104064065192591e+20
6.444154342909522739e+20
4.926947317426330010e+20
-4.661995066316502467e+20
5.503816492912462234e+19
-4.494587845264860774e+20
-6.432836265065398927e+20
-1.127748684967124828e+20
4.208956110933574287e+20
-6.125334836480916849e+20
9.483687748376054989e+19
-1.677933285493064335e+20
-6.453033169665840906e+20
2.785837593521376461e+20
4.924737113488077619e+19
-1.810356880971199611e+20
-6.395618842061905592e+20
5.271471295116420710e+20
2.085488287139316040e+20
3.619783758346617487e+20
4.330374937858495611e+20
6.385363188442057933e+20
-5.556734838890200433e+20
-2.784548098257551688e+20
-5.453019617693886054e+20
2.850263348592743547e+20
6.306246388056104632e+20
-6.372890570345860301e+20
6.443080490863385641e+20
7.645420968003941376e+18
-2.689994175259971420e+20
-1.500638269099881595e+20
-6.454021727760916152e+20
3.795337462502016287e+20
5.855333519170709094e+20
6.457859691506489098e+20
5.094444321544331592e+20
-1.499201064764975350e+20
-5.345136802524763914e+20
-2.015822079363794534e+20
3.655927434503138836e+20
4.370095266716344648e+20
-4.785254385188253204e+20
-3.610923651087443558e+20
-4.663374419705225544e+20
2.051464911061393408e+20
2.470666372401292575e+20
6.128680187412605829e+20
3.507108930327545774e+20
-4.110776609947292795e+20
6.209137236172765921e+20
-3.675173026690936996e+20
-2.618141037395247104e+20
-4.221443798681194988e+20
-1.721000477188681236e+20
6.369624335977119744e+20
4.783365210413641236e+20
-1.490129772678732841e+20
-2.960111108560280617e+20
-4.381308478598047334e+20
4.717270548092393882e+20
-4.023556282964311409e+20
-4.278243055197966172e+20
6.220660058134908764e+20
-5.060126706693468979e+20
-1.024020040884797112e+20
-4.296930711401620439e+20
6.088515307848534589e+20
6.461148989784366776e+20
5.817736778043905147e+20
1.176126450558014259e+20
3.430896048953887949e+20
-2.529716827090718556e+20
5.822700696541119119e+20
-2.467280761078323610e+20
-6.122900288613824594e+20
-7.044987706639923610e+19
-5.595491460574942331e+20
-6.471185100474674053e+20
-5.945190578606808760e+20
2.815110416526395638e+20
1.092112455828013466e+19
-5.277436069325931151e+20
6.498676443991480730e+19
-4.514939774997079654e+20
-3.254119338864945398e+20
2.916350717277049651e+19
-5.094762572140950979e+20
-5.737244573400327127e+20
-2.217938520953248481e+20
2.425791502567210025e+20
5.466635155756216484e+20
2.308490558940904161e+20
-7.583209681791487181e+19
1.447573409927455212e+20
-4.480882357463920148e+20
6.360521765011275121e+20
-1.402102644569743032e+20
-3.294244933552386212e+20
-3.212460508511406653e+20
2.388465041545250079e+20
-6.268571672850515886e+20
6.280827964963903242e+20
6.046731112709176689e+20
6.095162661170809405e+20
5.040057986849284424e+20
-3.804737792532112998e+20
5.246673276042849157e+20
-3.986981796886991995e+20
-2.421915844871620198e+20
-2.619050325843246776e+20
4.732365537499647181e+20
5.578129458443869225e+20
-5.157539096634945700e+20
-6.438973303873882030e+20
5.446624103686840648e+20
6.269874338288862495e+20
3.367469668988152054e+20
2.231566435541524808e+20
6.460801440334035026e+20
-2.414935143660271043e+20
6.079591539641493750e+20
4.872107623368957624e+20
8.629024721517182976e+19
5.400596495720053473e+20
-1.943239935932559196e+20
-4.283048215178225254e+20
-3.098117942467907420e+20
9.621461080484126720e+19
5.883429878952221082e+20
-6.211188709856600392e+20
4.021113535352470897e+20
-4.539743052747299881e+20
6.431969387927728292e+20
6.236922751555331686e+20
3.906553181888480543e+20
2.990801313575408108e+20
5.187183167548045394e+20
-1.812459410709532180e+20
-1.830311729232774758e+20
-1.636388055675884667e+20
-6.467509783791692677e+20
-3.899422573227022090e+20
-6.320858125079681434e+20
1.977341772168068465e+20
-1.915183851286883533e+20
3.829042492361447834e+20
6.447661731087038546e+20
6.382064506582960701e+20
3.986450760434688983e+20
6.476175100198181929e+20
-6.396567886820587602e+20
6.204209410104329503e+20
5.531803848031675351e+20
-4.390502259260062433e+20
3.446177309326416282e+20
3.950820297481430630e+20
5.295925640477246095e+20
4.862540185542872269e+20
-6.307471643706998129e+20
6.269175999733833400e+20
6.253312725872202220e+20
5.850657537786776125e+20
5.763896293936257434e+20
3.658682940644944118e+20
-3.474940119346714378e+20
6.406925350822397870e+20
-4.153543905263382036e+20
5.211062851363994829e+19
-1.226912616309662024e+20
-4.252166953133383352e+20
2.445367595460809851e+20
-3.866060375343320269e+20
-3.609858258748212838e+19
-6.101438337662129275e+20
-5.823642902778607698e+20
-6.125662352448681411e+20
-3.050902860981698560e+20
-1.278948944921676677e+20
4.284706416960970424e+20
-5.948002223224101274e+20
-4.789097740403832259e+20
5.836806365866231071e+20
3.888002535976497971e+20
-3.458783782043028029e+20
5.755133466358528082e+20
-3.678846630594398781e+20
-5.966043855989790474e+20
-4.987036351725617807e+20
3.969632377405425582e+20
-6.276895004438172795e+20
-3.926453002456038113e+20
6.377356750787303178e+20
-1.168584640523919196e+20
6.105826020209759355e+20
-6.351047749033974825e+20
2.450598585227274486e+20
4.804214953558380380e+20
-1.348346564311303455e+20
6.261906003939345039e+20
6.470101042569364111e+20
-5.844903089996256379e+20
6.474553536420236493e+20
4.201021269905891328e+19
-3.320308392306783683e+20
-6.334691799113895772e+20
-1.142114569070886584e+20
-1.973481824911072952e+20
3.685322332794214810e+19
6.296827511152312320e+20
-2.580522635351339172e+20
6.382091136939205591e+20
-8.917288634248617984e+19
5.140686931400111555e+20
4.817427166595830579e+19
2.202642746982854820e+20
5.999432017947287880e+20
-1.802325339025883791e+20
4.473618190500693279e+20
-6.484853960541574267e+20
6.243920074171181957e+20
2.799127551415572890e+19
-4.076594276689537925e+20
1.128077621777373757e+20
-5.383161064260993679e+20
-6.500100255999240438e+20
-6.467559458754035712e+20
4.791192064966141542e+20
2.778585164949894922e+20
-6.507100581389233029e+20
4.461250757258969088e+20
3.285921888516952556e+20
6.253424227644563784e+20
4.833132731383323689e+20
-6.305536842379237786e+20
3.969082905664389775e+20
2.791351565909082440e+20
6.040285549614870036e+20
-6.270716580010366075e+20
2.320353389130872832e+19
3.454958281074101453e+20
-6.611734335162644070e+19
-6.503300221304340480e+20
3.063419783029598454e+20
-5.455467519467622236e+20
1.000127893070354350e+20
6.534518195808352338e+20
5.119877686182020383e+20
5.987653359506516869e+20
6.525628182401860239e+20
-6.389936934451145605e+20
2.441195580877077217e+20
-3.399961154807203758e+20
6.520424056613003592e+20
6.318019184864458179e+20
6.418357138493619569e+20
5.696342054199607951e+20
-2.741155247635739443e+20
-3.315517652981887795e+20
-5.993241751592355758e+20
2.179394131497473475e+20
-6.190429812549348229e+20
-4.227262956763548877e+20
3.968794733717690778e+20
4.916184399646187848e+20
-2.485933946470617580e+20
4.922638478915266150e+20
-5.554860161341978706e+20
-2.543312962065510400e+19
2.766853360285416817e+20
7.963670285540027597e+19
1.714512016245456241e+20
-4.980108150934436577e+20
1.650207255617298104e+20
1.636040868506736394e+20
-3.877979110357642117e+20
6.217069662871737139e+19
4.626253739659437015e+20
-4.650423760509978542e+20
2.950175808134782976e+20
2.987038665803867750e+20
-6.449358459781941821e+20
-5.955784198289086218e+20
-6.434289350724589978e+20
4.100388714270079713e+20
-3.149129366276890296e+20
-3.452644393301022474e+20
4.932270203645585654e+20
-6.386384907643297464e+20
6.507828145727204229e+20
-1.999507124161877115e+20
-6.193709192553079767e+20
-5.246822279829090468e+20
-2.841194414643102351e+20
1.744550351062208676e+20
5.226007746889501901e+20
-6.101739085155714990e+20
5.231117523610650624e+18
-2.992018025904681779e+20
5.488422634688838369e+20
2.917023132942235075e+20
3.544447445537318502e+20
3.209827372792737300e+20
6.239173170569130803e+20
3.030007785594760069e+20
6.328705779768490721e+20
5.226108115090806538e+20
1.869902064487965082e+19
6.527748986243516989e+20
5.953630567619208151e+20
-5.310973666999575511e+20
-1.252775268321163674e+20
-1.081719733036433408e+20
-6.505510280036467343e+20
-3.931636479682307686e+20
-7.815161688882777293e+19
-4.668113205656780145e+20
1.217299744686394573e+20
-5.972457603304681636e+20
4.174553403051239670e+20
2.328484985880908923e+20
-2.531709689957503468e+20
6.092453487323296563e+20
2.630558096615044874e+20
-3.866860803215192883e+19
6.494482638454344909e+20
-2.775454226047124111e+20
3.160006132885982413e+20
6.484803711295240274e+20
6.475255535606279700e+20
-7.237147652128508314e+19
1.262548089032535736e+20
1.942071543644913336e+20
4.277151668989451305e+20
4.291217910996016169e+20
-6.551669019453675274e+20
-1.604883815665317642e+20
-9.294021854623095194e+19
4.475037713515538022e+20
-5.311668473616145449e+20
6.255760930472427520e+20
6.256756522887128023e+20
-4.952371536153913590e+20
-3.508039242553038602e+20
4.145682820551840236e+20
6.419059334358478356e+20
-3.882533598956727828e+20
-4.740957606384581345e+20
6.446237864852278477e+20
6.894131570572961382e+19
-5.199050745706372137e+20
6.512715185978988298e+20
4.318204623419394621e+20
6.283435351948680233e+20
-1.902908919809355612e+20
6.344937763171815916e+20
-4.066690894870531277e+20
-9.819647415439530394e+19
1.031073458706200822e+20
-5.076605321127126630e+20
4.260003745630985912e+20
-9.413287636111917056e+18
-2.792497819826421105e+20
6.064726379790035845e+20
4.825260623199509545e+20
6.522886061179119862e+20
-6.562456291906650112e+20
-4.045368133240406016e+20
2.838594302984446362e+19
-3.704747205843881165e+20
1.554442719546033111e+20
-2.076169674450634670e+20
-9.242415959758315520e+19
5.145295061572142367e+20
1.723781445771253187e+20
-1.583740615217316823e+20
-6.233634009205073510e+20
1.721206420648934441e+20
-4.977536378021718262e+20
-8.826775990933464678e+19
5.209258259481936527e+20
6.195194067312548250e+20
1.204173306725555569e+20
-6.190795607875450307e+20
-4.942084209577320776e+20
-5.838509960701910712e+20
2.655168384158103552e+19
-2.811104698427304182e+20
-9.733456998098080563e+19
6.100804744380929802e+20
-4.212021944641952154e+20
-3.086853728708909466e+20
1.680773981947256504e+20
5.508276816815147581e+20
-4.952975487718541230e+20
3.360963844795033190e+20
6.070269101467014267e+20
2.990763741368378327e+20
4.028278679293800612e+20
-4.316698741702983025e+20
-2.657034791903561318e+20
-6.497040610777842319e+20
1.425279301300090634e+20
6.533322102381740032e+20
-8.059461710187318477e+19
6.118450371118409974e+20
-6.255866960100801905e+20
5.568985367295273206e+20
-6.527127784940770427e+20
4.948213956291648553e+20
-6.043900482661084037e+20
2.818538276130537800e+20
5.535652351310578975e+20
6.355521089630374461e+20
6.376328460785457562e+20
-5.631289152632558715e+20
4.790793522407739884e+20
5.662471217505234452e+20
-3.882972961232095805e+20
-6.500235186377933455e+20
-4.150980067876983276e+20
6.390913776662980854e+20
3.144412124352481198e+20
3.878559779092526531e+20
-6.565247345685442068e+20
2.401808711353165414e+20
-3.711250044561986028e+20
-6.154056897373888840e+20
-4.619001703475823903e+20
5.989481143854670807e+20
-6.142448738682027213e+19
-4.711635278402347991e+20
9.744549251319024845e+19
-6.006389688147321815e+20
4.964299620276660470e+20
5.817875091595220091e+20
-4.780076681829181030e+20
5.088963586634792960e+20
5.545378487695932129e+20
5.742870582966230057e+20
6.574830183494341100e+20
-2.822853019293327360e+19
-3.006719284851282412e+20
3.355004795825052713e+20
4.782060539269941821e+20
6.161429362330391020e+20
-2.654318497473133937e+20
5.058212126288468378e+20
3.934801595062360474e+20
6.552508906999595663e+20
-6.499046769507568189e+20
-5.859471228098235597e+20
-6.566414229876104233e+20
6.302085915361321943e+20
6.482933112361427927e+20
4.293137174926650245e+20
-2.949238917329677844e+20
3.999271087896098898e+20
-6.478154764733273866e+20
1.378097693740272681e+20
-6.535432993864246886e+20
6.546381397046181233e+20
5.186368151742696653e+20
5.488592306022647071e+20
4.530060870069134131e+19
-5.815634366056895611e+20
8.623254269072752640e+19
6.405526938479237530e+20
-2.790828335074708685e+20
5.984072469925081907e+20
-6.591715718515132989e+20
-3.269368893161055191e+20
6.193512720715899208e+20
6.433955758005189345e+20
-2.913865396783703654e+20
3.511529072735635374e+20
-4.501247667994329743e+20
6.444631766419478938e+20
-6.236460035268061430e+20
-1.779687932334479114e+20
-2.748780025504447529e+20
1.134363027653945262e+20
3.107442517361143316e+20
-6.161933369032419574e+20
-2.665711192321089536e+18
-5.435702166061975470e+20
-5.959194921149528801e+20
-3.352700494767152824e+20
6.355959878252344115e+20
-3.376033383527243448e+20
-3.301834807065898516e+20
3.452113375641762202e+19
2.581966972754540626e+20
-6.503436580006373622e+20
4.767759349175300260e+20
4.994325700574047764e+20
4.000679502141128049e+20
6.620549822532561142e+20
5.826954914888313078e+20
1.169061272500900332e+20
-6.310772679544176640e+20
5.742261188771670262e+20
-6.491906590088280146e+20
-5.740433545209099715e+20
4.802390658203187282e+20
6.470673265848059167e+20
4.224243383379334922e+20
2.100652538856342487e+20
-5.847749110616599429e+20
4.875183655861678244e+20
-5.354121892472364728e+20
6.623921799259341455e+20
-4.429740495954231296e+20
3.722540875007813222e+20
6.620465296220929393e+20
-1.658426946424619991e+20
1.716506462338453668e+20
2.292799360815042068e+20
-4.195278979466611917e+20
5.135757848575364956e+20
6.512116156449976484e+20
1.368533583001336054e+20
-5.610374633967312568e+20
2.105769671764979302e+19
-2.864684433740295373e+20
-1.105324145963671716e+20
-2.093335409732617503e+20
-4.761685773141089280e+18
-3.562942261929355510e+20
-1.080307034822623724e+20
-6.020441528697005015e+20
-5.956143587883916984e+20
4.581646583449398477e+19
6.629768866408688517e+20
3.866285987724379423e+20
6.398319320462926807e+20
5.076794825874080399e+20
4.509322148862526095e+20
-6.548664489224682865e+20
-3.518121160477855580e+20
-6.502602107336222310e+20
5.196875055822965965e+19
-4.988908738068929741e+19
-1.058696164377276580e+20
4.297314124813059359e+20
-1.916869183366307840e+20
-1.015607103620617830e+20
5.056758149971143557e+20
1.133627385799516160e+20
-1.445028210676643267e+20
1.836729310220283085e+20
6.644477969097925591e+20
-5.755772609015562895e+20
-4.143016757763013345e+20
3.466063011417529385e+20
-1.548968124071724319e+20
-5.489508837896244429e+20
-6.674730277805905674e+20
5.645346055018173563e+20
2.917483173252487578e+20
-6.336141796545177846e+20
-2.013726694042967409e+20
-6.628379090211342909e+20
2.638168302982944195e+20
3.281293344126884250e+20
6.455634822239232983e+20
-6.653284674960740844e+20
4.326930394273393541e+20
3.777519365648802775e+20
6.582960646275786342e+20
2.294236561704428503e+20
-2.784167363200753992e+20
-1.021191145869013484e+20
2.933307888744103281e+20
-3.812789623988104724e+20
-4.795154006317483295e+20
-4.875190217155674112e+19
6.528797369493850685e+20
-3.338795009057490862e+20
6.320934585660922921e+20
-4.999759293580743148e+20
-3.056092301277180068e+20
1.848537656047144796e+20
3.790904307111945830e+19
-4.848041603857609523e+20
-6.445811695183217295e+20
-2.793478790997055898e+20
5.936279794515806781e+20
-6.312385399341664174e+20
-2.801942212315143168e+18
-3.793179163213292503e+20
-8.123831888113664000e+17
-5.627284315078395822e+20
5.856438745868033065e+20
-6.252508862064606577e+20
6.521745412741212406e+20
2.543126491004683878e+20
-2.670539214340466606e+20
-6.400634537702383944e+20
5.433980853420217467e+20
5.596316059494276792e+20
-6.684784373303860265e+20
6.566934363155169280e+20
9.082792985381765120e+19
2.984101365865700393e+20
-4.489715673297790566e+20
7.189794674830560461e+19
1.022811719553565655e+20
-6.698931870747095204e+20
-4.283853640759100047e+20
-2.161402014912163676e+20
-4.572123071137577042e+20
3.352571537127801651e+19
6.435387046607193375e+20
2.445717994475344691e+20
-4.088587213134625505e+20
4.163354563680632177e+20
2.316933130809956762e+20
-3.919946246726065193e+20
-5.223616263608451072e+20
-6.441100354446726758e+19
-3.338901332570914161e+20
-3.392182269091563438e+20
-4.756678954525609165e+20
-1.739620020481373307e+20
5.433003253217253786e+20
-5.449783800369248993e+20
-4.205439886299798569e+20
-5.199868872924999844e+20
4.678069994602326917e+20
6.191148725577551708e+20
-3.094652703542537421e+19
-7.318603324341696922e+19
-5.194709100750676296e+20
-6.580394148400457318e+20
-6.222754505181731226e+20
-6.557691334257978900e+20
6.668800296044475187e+20
5.169579941787060142e+20
2.025286342935734845e+20
2.138801849355426529e+20
5.257651259347021824e+19
6.218500186377808773e+20
-5.131698785870746747e+20
-3.830739188597830451e+20
3.611249448442192200e+20
1.062397805190680248e+20
-4.459603833981939876e+20
5.567636560786876662e+20
-6.661685979768134042e+20
-6.710702576918461153e+20
6.676016815723825070e+20
5.790298233984257884e+20
-6.422343474327677338e+19
-1.648348934173931930e+20
-4.583982123953766400e+20
-3.681631401687093740e+20
-1.321842477935113830e+20
4.418775419535384248e+20
5.668245243700867236e+20
9.886031339328184320e+17
-3.255159376423689257e+20
4.092987669059264840e+20
4.352774993309522985e+20
6.523106058930841190e+20
-5.544623967351691018e+20
4.623189438129411195e+20
6.576417103544684380e+20
-5.714514769159284326e+20
-6.567130975750523453e+20
6.636389808361406464e+20
5.643942877765146378e+20
6.688932231811172925e+20
-2.799909143559040205e+20
3.325828570215956480e+19
-6.689337432747801313e+20
6.451251754914681979e+20
5.279370728980618936e+20
6.614856141152654459e+20
5.639342690980644127e+20
-2.069502961761160806e+19
9.579622386471318323e+19
5.830308637977190728e+20
4.759635147891165102e+20
5.010343452200971141e+20
-6.660139566858406461e+20
4.810607126442499113e+20
6.635133620882407424e+20
-1.149973193931186668e+20
-6.004200655231975424e+20
2.333063147161756959e+20
6.387495941834345021e+20
-6.703397461888287375e+20
-6.363384230299588362e+20
5.621787035062422077e+20
-6.700638702559551816e+20
5.009117594459241841e+20
6.614262825284681073e+20
1.103239385470185144e+20
-1.698926090624159580e+20
-6.058798409838303642e+20
-5.285875259712318996e+20
-5.249994718317715784e+20
-1.036379853731527721e+20
4.439396763744400835e+20
-2.699546195147176346e+20
4.809288959432488387e+20
2.585227352569076736e+18
4.143864984293219369e+20
-3.064036480379829617e+20
-6.743721708878030438e+20
3.780493014169571820e+20
-3.353080493063069286e+19
5.531334707205061345e+20
-6.264071280063631852e+20
1.858024376484033987e+20
6.018810044773213143e+20
4.125667500225628733e+20
3.314011214111001149e+20
5.194812705883418132e+20
-2.605269825911862723e+20
-7.108107442984307098e+19
6.737024794139302298e+20
-1.040358855807974441e+20
3.926712687083790664e+20
6.672077102814974444e+20
6.072178878133685453e+20
-4.906732888097916191e+20
3.047396879986904269e+19
1.252789555328102892e+20
-6.582867990146436301e+20
6.744472000660091699e+20
-6.279922999730195661e+20
-3.680231788688274883e+20
6.582035268642323825e+20
4.491977859033217761e+20
6.776593745262926889e+20
-4.974178846546381373e+20
-5.358517001043293635e+20
1.456331055074100511e+20
2.355022463036476211e+19
-6.610808398477534167e+20
-5.827127514912941670e+20
6.370079430617699451e+20
4.145072944751786066e+20
3.503563334994383995e+20
-3.231342963557326520e+20
-6.765388820859816509e+20
-4.058718686588486287e+20
-5.137107654416647455e+20
-6.673379519438903050e+20
6.604388899504464855e+20
5.859757818067955876e+20
6.429993948427850875e+20
3.549352860181109801e+20
-5.655637480094085939e+20
5.089287880547785769e+20
2.093331439854446510e+20
5.133794838129727898e+20
-5.513676844547302359e+20
6.778745792919599841e+20
5.415284785873230889e+20
5.286324465919350374e+19
-1.079163204433301832e+20
-6.725694305958382797e+20
-5.322020474829278413e+20
3.398141313859150152e+20
-3.451921518436266803e+20
-6.727819251612665774e+20
-3.558022608486998999e+20
6.394758195202242642e+20
6.669664800064621773e+20
-6.399235884718843494e+20
3.951007934378954240e+18
6.056054922004581581e+20
-4.033494598706203853e+20
-1.054632021295973171e+20
5.810890324905107128e+20
2.336578118045325394e+20
6.069057545782460416e+20
3.824718243967457690e+20
-7.633728290744487117e+19
-4.074682973230359511e+20
-3.837308097061361418e+20
-6.701172066699060183e+20
2.344014439312256860e+20
-7.846592474951681638e+19
-1.433020516500319109e+20
-8.254217593188920525e+19
-4.207451224580525916e+20
1.712451092002993275e+20
4.448339195330449244e+20
-5.268485240508328837e+20
6.709707921547256136e+20
-6.083599957164982272e+20
-4.072982056718052884e+20
4.223600147205579080e+20
1.247520371593907077e+20
2.303168058390573875e+20
-6.720468706514618286e+20
-3.037573520963361178e+20
-3.746644361652708966e+20
-3.591655943271442678e+20
6.766424440221418127e+20
6.161833675581611049e+20
-4.633006968330654188e+20
3.105648375946535895e+20
5.297660190022173327e+20
-3.128584881101445530e+20
7.979546757366374400e+19
-8.757836119452517990e+19
-6.072555952227366994e+20
4.178514715174742917e+20
6.683498440741875876e+20
-5.756954729550483948e+20
-5.059459957716096778e+20
6.720106601856207421e+20
-2.331262367611007795e+20
-6.217083406203281736e+20
1.194968773964465766e+20
-4.591733677892493640e+20
-2.603809288350372659e+20
-6.336555532827280015e+20
-4.526883106799152333e+19
-5.691619958378811228e+20
-4.942448136059663811e+20
6.814558748679849902e+20
4.101747008128208732e+20
3.563532407166881628e+20
5.948353366448191570e+20
-7.160834591409867981e+19
-2.500373348283787510e+20
-5.059230560269142589e+20
-1.796626231711919636e+20
5.801889228088219402e+20
4.989209674466875802e+20
-1.737631866589373071e+20
-4.969316832433970217e+20
4.689798116537758515e+20
-1.670500036868787732e+20
-6.658516613943839949e+20
1.837095943212664750e+20
-5.405091374681933742e+20
-4.587194834926125711e+20
3.057548286364227994e+20
-4.189887340341658255e+20
-2.650189337962954342e+19
-1.288901888166492570e+20
-5.056415633670127616e+20
4.665952270395801600e+19
6.832177972681219072e+18
2.169272421382786580e+20
-6.758900687439155692e+20
6.414158815450945290e+20
-2.543368619356012544e+20
5.759059816243871089e+20
4.857495873735796982e+20
-1.556654533707115930e+19
3.212661550020418601e+20
6.334399398534118113e+20
6.850630278454375875e+20
5.796213331307836867e+20
4.838927770923730862e+20
5.970407122217253888e+18
6.856497782230290268e+20
1.913837849138494177e+20
-2.044466322495500780e+20
5.351653129991231242e+20
5.999630882767576760e+20
6.232943665974478111e+20
-5.805967518738691523e+20
-9.691262899482071859e+19
-1.021395944368222618e+19
6.872945096375215063e+20
-6.537970585688806523e+20
2.259896688738001551e+20
-6.854063716357499781e+20
-6.843231562036450427e+20
-3.483920344183462298e+20
4.114894827601924588e+20
-5.838074401901163971e+20
6.708638441897189704e+20
-5.479579514618080133e+20
-6.879436665647191818e+20
3.849482187438779924e+20
-6.865884857254072812e+20
6.259788801832524186e+20
-6.820363757828695654e+20
5.734854873842846925e+20
1.844378729554588467e+20
-5.170126071504654828e+20
-6.604188570415651881e+20
-4.459541164428683674e+19
3.274229594747585167e+20
1.046267815003614904e+20
5.466787988021366620e+20
-2.151576674644992983e+20
6.519692967239117701e+20
-3.486855308101331190e+20
4.967319509559939564e+20
1.343319248965603492e+20
-6.368631042218629530e+20
5.751827632596891730e+20
6.759627723312340664e+20
2.118470869070587167e+20
-5.066253760893562388e+20
1.491621241535297618e+20
6.901943279144429158e+20
-6.574317078816064799e+20
2.260862410216381153e+20
6.756672876565570519e+20
-6.891452603039961580e+20
4.171469551911065354e+20
4.288080713800952054e+20
4.146989766247116964e+20
-1.980996071083724636e+20
-5.479212730432431718e+20
4.029727855410411110e+19
1.387319559365689016e+20
-5.845219483646342595e+20
5.326363705377761690e+19
6.906612142010660291e+20
6.412540228142461092e+20
-4.996263945093064950e+20
6.744828345964456837e+20
-5.719460660237310362e+20
-6.838711745682164941e+20
4.443051415810257060e+20
2.288524652341338767e+20
3.831209805959657554e+20
-5.225469731970085028e+20
-2.311513568332103025e+20
-2.320407908469944812e+20
-4.059260804956424110e+20
-3.142589872515486106e+19
-4.251948553309938647e+20
